100
0 a 78
0 b 16
1 a 77
1 b 0
2 a 32
2 b 20
3 a 11
3 b 43
4 a 59
4 b 92
5 a 11
5 b 72
6 a 40
6 b 30
7 a 28
7 b 87
8 a 10
8 b 85
9 a 76
9 b 81
10 a 90
10 b 52
11 a 45
11 b 15
12 a 37
12 b 40
13 a 72
13 b 52
14 a 4
14 b 76
15 a 56
15 b 74
16 a 7
16 b 36
17 a 41
17 b 71
18 a 84
18 b 58
19 a 55
19 b 38
20 a 97
20 b 13
21 a 69
21 b 38
22 a 59
22 b 90
23 a 6
23 b 21
24 a 38
24 b 28
25 a 48
25 b 63
26 a 55
26 b 66
27 a 77
27 b 14
28 a 66
28 b 58
29 a 80
29 b 39
30 a 66
30 b 25
31 a 31
31 b 88
32 a 9
32 b 19
33 a 61
33 b 62
34 a 45
34 b 29
35 a 90
35 b 37
36 a 80
36 b 35
37 a 24
37 b 92
38 a 92
38 b 49
39 a 6
39 b 68
40 a 72
40 b 88
41 a 69
41 b 41
42 a 64
42 b 98
43 a 81
43 b 37
44 a 44
44 b 45
45 a 20
45 b 37
46 a 66
46 b 31
47 a 44
47 b 59
48 a 39
48 b 3
49 a 51
49 b 97
50 a 93
50 b 52
51 a 63
51 b 27
52 a 37
52 b 74
53 a 73
53 b 55
54 a 48
54 b 37
55 a 65
55 b 59
56 a 90
56 b 87
57 a 69
57 b 72
58 a 90
58 b 32
59 a 84
59 b 43
60 a 66
60 b 53
61 a 43
61 b 90
62 a 36
62 b 85
63 a 84
63 b 26
64 a 74
64 b 60
65 a 25
65 b 17
66 a 45
66 b 0
67 a 49
67 b 88
68 a 26
68 b 40
69 a 43
69 b 76
70 a 43
70 b 10
71 a 18
71 b 35
72 a 51
72 b 75
73 a 71
73 b 26
74 a 24
74 b 68
75 a 33
75 b 90
76 a 34
76 b 97
77 a 6
77 b 74
78 a 70
78 b 60
79 a 55
79 b 54
80 a 59
80 b 63
81 a 66
81 b 26
82 a 89
82 b 12
83 a 77
83 b 14
84 a 61
84 b 0
85 a 87
85 b 10
86 a 91
86 b 50
87 a 63
87 b 58
88 a 48
88 b 65
89 a 55
89 b 80
90 a 25
90 b 97
91 a 54
91 b 15
92 a 34
92 b 67
93 a 32
93 b 62
94 a 72
94 b 79
95 a 28
95 b 37
96 a 93
96 b 59
97 a 23
97 b 3
98 a 12
98 b 60
99 a 3
99 b 23
63 78
84
0
1
3
4
5
6
7
8
10
11
12
16
17
18
21
23
24
25
26
27
28
29
30
31
32
33
34
35
36
37
38
41
42
43
44
45
46
47
49
50
51
52
53
54
56
57
58
59
60
61
62
63
64
65
66
67
68
69
70
71
75
76
77
78
79
80
81
82
83
84
85
86
87
88
89
90
91
92
93
94
95
96
97
99